1500  1001
1500  1001
1500  1001
1500  1001
1500  1001
1500  1001
1500  1001
1500  1001
1500  1001
1500  1001
1500  1001
1500  1001
1500  1001
1500  1001
1500  1001
1500  1001
1500  1001
1500  1001
1500  1001
1500  1001
1500  1001
1500  1001
1500  1001
1500  1001
1500  1001
1500  1001
1500  1001
1500  1001
1500  1001
1500  1001
1500  1001
1500  1001
1500  1001
1500  1001
1500  1001
1500  1001
1500  1001
1500  1001
1500  1001
1500  1001
1500  1001
1500  1001
1500  1001
1500  1001
1500  1001
1500  1001
1500  1001
1500  1001
1500  1001
1500  1001
1500  1001
1500  1001
1500  1001
1500  1001
1500  1001
1500  1001
1500  1001
1500  1001
1500  1001
1500  1001
1500  1001
