   0  710  373   73   22    0    0    0    0    0    0    0    0    0    0    0    0    0    0    0    0   38   60   83   52    0    0    0    0    0    0    0    0    0    0    0    0    0    0    0    0    0    0    0    0    0    0    0    0    0    0    0    0    0    0    0    0    0    0    0    0 
 710    0  961  267   59   17    0    0    0    0    0    0    0    0    0    0    0    0    0   15   25   64   69   54   46    0    0    0    0    0    0    0    0    0    0    0    0    0    0    0    0    0    0    0    0    0    0    0    0    0    0    0    0    0    0    0    0    0    0    0    0 
 373  961    0  537  138   38    0    0    0    0    0    0    0    0    0    0    0    0    0   25   50   66   67   72   14    0    0    0    0    0    0    0    0    0    0    0    0    0    0    0    0    0    0    0    0    0    0    0    0    0    0    0    0    0    0    0    0    0    0    0    0 
  73  267  537    0  487  102   28    0    0    0    0    0    0    0    0    0   12    0   23   53   45   57   45   60    0    0    0    0    0    0    0    0    0    0    0    0    0    0    0    0    0    0    0    0    0    0    0    0    0    0    0    0    0    0    0    0    0    0    0    0    0 
  22   59  138  487    0  526  177   51   28    0    0    0    0    0    0    0   13   19   29   48   25    0    0    0    0    0    0    0    0    0    0    0    0    0    0    0    0    0    0    0    0    0    0    0    0    0    0    0    0    0    0    0    0    0    0    0    0    0    0    0    0 
   0   17   38  102  526    0  706  187   92   37    0    0    0    0    0   16   19   33   48   52   20    0    0    0    0    0    0    0    0    0    0    0    0    0    0    0    0    0    0    0    0    0    0    0    0    0    0    0    0    0    0    0    0    0    0    0    0    0    0    0    0 
   0    0    0   28  177  706    0  576  190   68    0    0    0    0   14   23   30   29   37   33   18    0    0    0    0    0    0    0    0    0    0    0    0    0    0    0    0    0    0    0    0    0    0    0    0    0    0    0    0    0    0    0    0    0    0    0    0    0    0    0    0 
   0    0    0    0   51  187  576    0  787  157   54   25   19   28   25   33   22   41   43   15    0    0    0    0    0    0    0    0    0    0    0    0    0    0    0    0    0    0    0    0    0    0    0    0    0    0    0    0    0    0    0    0    0    0    0    0    0    0    0    0    0 
   0    0    0    0   28   92  190  787    0  754  143   48   22   29   27   30   20   23   32   10    0    0    0    0    0    0    0    0    0    0    0    0    0    0    0    0    0    0    0    0    0    0    0    0    0    0    0    0    0    0    0    0    0    0    0    0    0    0    0    0    0 
   0    0    0    0    0   37   68  157  754    0  711  134   39   33   38   36   16   12   14    0    0    0    0    0    0    0    0    0    0    0    0    0    0    0    0    0    0    0    0    0    0    0    0    0    0    0    0    0    0    0    0    0    0    0    0    0    0    0    0    0    0 
   0    0    0    0    0    0    0   54  143  711    0  759   43   36   28   31    0    0    0    0    0    0    0    0    0    0    0    0    0    0    0    0    0    0    0    0    0    0    0    0    0    0    0    0    0    0    0    0    0    0    0    0    0    0    0    0    0    0    0    0    0 
   0    0    0    0    0    0    0   25   48  134  759    0   32   34   36   35    0    0    0    0    0    0    0    0    0    0    0    0    0    0    0    0    0    0    0    0    0    0    0    0    0    0    0    0    0    0    0    0    0    0    0    0    0    0    0    0    0    0    0    0    0 
   0    0    0    0    0    0    0   19   22   39   43   32    0 1178  364  189   48    0    0    0    0    0    0    0    0    0    0    0    0    0    0    0   35   67   83   85   68    0    0    0    0    0    0    0    0    0    0    0    0    0    0    0    0    0    0    0    0    0    0    0    0 
   0    0    0    0    0    0    0   28   29   33   36   34 1178    0  903  389   90   48   15    0    0    0    0    0    0    0    0    0    0    0    0   22   58   91  101   98   74    0    0    0    0    0    0    0    0    0    0    0    0    0    0    0    0    0    0    0    0    0    0    0    0 
   0    0    0    0    0    0   14   25   27   38   28   36  364  903    0 1152  305   94   59   10    0    0    0    0    0    0    0    0    0    0    0   30   77  111  101   95   70    0    0    0    0    0    0    0    0    0    0    0    0    0    0    0    0    0    0    0    0    0    0    0    0 
   0    0    0    0    0   16   23   33   30   36   31   35  189  389 1152    0  668  296  116   45    0    0    0    0    0    0    0    0    0    0    0   57  109  154  108  103   83    0    0    0    0    0    0    0    0    0    0    0    0    0    0    0    0    0    0    0    0    0    0    0    0 
   0    0    0   12   13   19   30   22   20   16    0    0   48   90  305  668    0  825  275  110   31    0    0    0    0    0    0    0    0   12   14   43   63   60   47   42   24    0    0    0    0    0    0    0    0    0    0    0    0    0    0    0    0    0    0    0    0    0    0    0    0 
   0    0    0    0   19   33   29   41   23   12    0    0    0   48   94  296  825    0  975  298   81    0    0    0    0    0    0   12   13   15   20   63   51   49   26   10    0    0    0    0    0    0    0    0    0    0    0    0    0    0    0    0    0    0    0    0    0    0    0    0    0 
   0    0    0   23   29   48   37   43   32   14    0    0    0   15   59  116  275  975    0 1018  232   44    0    0    0    0   19   18   26   39   44   51   54   44    0    0    0    0    0    0    0    0    0    0    0    0    0    0    0    0    0    0    0    0    0    0    0    0    0    0    0 
   0   15   25   53   48   52   33   15   10    0    0    0    0    0   10   45  110  298 1018    0  742  131   57    0    0    0   31   29   30   37   47   37   26   14    0    0    0    0    0    0    0    0    0    0    0    0    0    0    0    0    0    0    0    0    0    0    0    0    0    0    0 
   0   25   50   45   25   20   18    0    0    0    0    0    0    0    0    0   31   81  232  742    0  813  304  137    0   25   53   40   42   37   37   18    0    0    0    0    0    0    0    0    0    0    0    0    0    0    0    0    0    0    0    0    0    0    0    0    0    0    0    0    0 
  38   64   66   57    0    0    0    0    0    0    0    0    0    0    0    0    0    0   44  131  813    0  712  225  116   42   53   55   31   19   23    0    0    0    0    0    0    0    0    0    0    0    0    0    0    0    0    0    0    0    0    0    0    0    0    0    0    0    0    0    0 
  60   69   67   45    0    0    0    0    0    0    0    0    0    0    0    0    0    0    0   57  304  712    0  745  273   51   69   53   29   16    0    0    0    0    0    0    0    0    0    0    0    0    0    0    0    0    0    0    0    0    0    0    0    0    0    0    0    0    0    0    0 
  83   54   72   60    0    0    0    0    0    0    0    0    0    0    0    0    0    0    0    0  137  225  745    0 1118   50   58   52   23    0    0    0    0    0    0    0    0    0    0    0    0    0    0    0    0    0    0    0    0    0    0    0    0    0    0    0    0    0    0    0    0 
  52   46   14    0    0    0    0    0    0    0    0    0    0    0    0    0    0    0    0    0    0  116  273 1118    0   32   27   16    0    0    0    0    0    0    0    0    0    0    0    0    0    0    0    0    0    0    0    0    0    0    0    0    0    0    0    0    0    0    0    0    0 
   0    0    0    0    0    0    0    0    0    0    0    0    0    0    0    0    0    0    0    0   25   42   51   50   32    0  713  262   48   16   18    0    0    0    0    0    0    0    0    0    0    0    0    0    0    0   24   46   57   49   16    0    0    0    0    0    0    0    0    0    0 
   0    0    0    0    0    0    0    0    0    0    0    0    0    0    0    0    0    0   19   31   53   53   69   58   27  713    0  707  142   59   30    0    0    0    0    0    0    0    0    0    0    0    0    0   11   17   31   36   25   28    0    0    0    0    0    0    0    0    0    0    0 
   0    0    0    0    0    0    0    0    0    0    0    0    0    0    0    0    0   12   18   29   40   55   53   52   16  262  707    0  692  171   80   30   12    0    0    0    0    0    0    0    0    0    0   13   16   27   31   22   30   23    0    0    0    0    0    0    0    0    0    0    0 
   0    0    0    0    0    0    0    0    0    0    0    0    0    0    0    0    0   13   26   30   42   31   29   23    0   48  142  692    0  859  209   92   40    0    0    0    0    0    0    0    0    0   20   17   31   31   23    0    0    0    0    0    0    0    0    0    0    0    0    0    0 
   0    0    0    0    0    0    0    0    0    0    0    0    0    0    0    0   12   15   39   37   37   19   16    0    0   16   59  171  859    0  676  219   59   15    0    0    0    0    0    0    0   13   26   26   39   33   14    0    0    0    0    0    0    0    0    0    0    0    0    0    0 
   0    0    0    0    0    0    0    0    0    0    0    0    0    0    0    0   14   20   44   47   37   23    0    0    0   18   30   80  209  676    0  714  156   65    0    0    0    0    0    0   16   26   37   32   40   29   18   10    0    0    0    0    0    0    0    0    0    0    0    0    0 
   0    0    0    0    0    0    0    0    0    0    0    0    0   22   30   57   43   63   51   37   18    0    0    0    0    0    0   30   92  219  714    0  959  262   70   26    0    0    0    0   29   38   45   41   29   29   11    0    0    0    0    0    0    0    0    0    0    0    0    0    0 
   0    0    0    0    0    0    0    0    0    0    0    0   35   58   77  109   63   51   54   26    0    0    0    0    0    0    0   12   40   59  156  959    0  965  242  118   41   10   10   21   53   36   25   24   17    0    0    0    0    0    0    0    0    0    0    0    0    0    0    0    0 
   0    0    0    0    0    0    0    0    0    0    0    0   67   91  111  154   60   49   44   14    0    0    0    0    0    0    0    0    0   15   65  262  965    0  729  300  147    0   22   27   49   46   32   13    0    0    0    0    0    0    0    0    0    0    0    0    0    0    0    0    0 
   0    0    0    0    0    0    0    0    0    0    0    0   83  101  101  108   47   26    0    0    0    0    0    0    0    0    0    0    0    0    0   70  242  729    0  867  244    0    0    0   21   25    0    0    0    0    0    0    0    0    0    0    0    0    0    0    0    0    0    0    0 
   0    0    0    0    0    0    0    0    0    0    0    0   85   98   95  103   42   10    0    0    0    0    0    0    0    0    0    0    0    0    0   26  118  300  867    0  714   14    0   17   13   10    0    0    0    0    0    0    0    0    0    0    0    0    0    0    0    0    0    0    0 
   0    0    0    0    0    0    0    0    0    0    0    0   68   74   70   83   24    0    0    0    0    0    0    0    0    0    0    0    0    0    0    0   41  147  244  714    0   17    0    0    0    0    0    0    0    0    0    0    0    0    0    0    0    0    0    0    0    0    0    0    0 
   0    0    0    0    0    0    0    0    0    0    0    0    0    0    0    0    0    0    0    0    0    0    0    0    0    0    0    0    0    0    0    0   10    0    0   14   17    0  941  269   57   29   23    0    0    0    0    0    0    0    0    0    0    0    0    0    0    0   21   24   31 
   0    0    0    0    0    0    0    0    0    0    0    0    0    0    0    0    0    0    0    0    0    0    0    0    0    0    0    0    0    0    0    0   10   22    0    0    0  941    0 1061  194   72   32    0    0    0    0    0    0    0    0    0    0    0    0    0    0   15   27   39   40 
   0    0    0    0    0    0    0    0    0    0    0    0    0    0    0    0    0    0    0    0    0    0    0    0    0    0    0    0    0    0    0    0   21   27    0   17    0  269 1061    0  632  161  116   15    0    0    0    0    0    0    0    0    0    0    0    0   17   24   32   38   33 
   0    0    0    0    0    0    0    0    0    0    0    0    0    0    0    0    0    0    0    0    0    0    0    0    0    0    0    0    0    0   16   29   53   49   21   13    0   57  194  632    0  951  285   79   16    0    0    0    0    0    0    0    0    0    0   14   26   44   38   41   16 
   0    0    0    0    0    0    0    0    0    0    0    0    0    0    0    0    0    0    0    0    0    0    0    0    0    0    0    0    0   13   26   38   36   46   25   10    0   29   72  161  951    0  890  156   36   24    0    0    0    0    0    0    0    0    0   15   34   38   32   30   12 
   0    0    0    0    0    0    0    0    0    0    0    0    0    0    0    0    0    0    0    0    0    0    0    0    0    0    0    0   20   26   37   45   25   32    0    0    0   23   32  116  285  890    0  669  163   82   15    0    0    0    0    0    0   17   10   13   31   34   28   18    0 
   0    0    0    0    0    0    0    0    0    0    0    0    0    0    0    0    0    0    0    0    0    0    0    0    0    0    0   13   17   26   32   41   24   13    0    0    0    0    0   15   79  156  669    0  772  186   48    0    0    0    0    0   13   24   27   25   13    0    0    0    0 
   0    0    0    0    0    0    0    0    0    0    0    0    0    0    0    0    0    0    0    0    0    0    0    0    0    0   11   16   31   39   40   29   17    0    0    0    0    0    0    0   16   36  163  772    0  707  194   35    0    0    0   12   13   33   29   15    0    0    0    0    0 
   0    0    0    0    0    0    0    0    0    0    0    0    0    0    0    0    0    0    0    0    0    0    0    0    0    0   17   27   31   33   29   29    0    0    0    0    0    0    0    0    0   24   82  186  707    0  700  147   54    0   21   22   19   22   25   11    0    0    0    0    0 
   0    0    0    0    0    0    0    0    0    0    0    0    0    0    0    0    0    0    0    0    0    0    0    0    0   24   31   31   23   14   18   11    0    0    0    0    0    0    0    0    0    0   15   48  194  700    0  786  263  106   28   34   41   26   12    0    0    0    0    0    0 
   0    0    0    0    0    0    0    0    0    0    0    0    0    0    0    0    0    0    0    0    0    0    0    0    0   46   36   22    0    0   10    0    0    0    0    0    0    0    0    0    0    0    0    0   35  147  786    0 1069  454   42   53   44   18    0    0    0    0    0    0    0 
   0    0    0    0    0    0    0    0    0    0    0    0    0    0    0    0    0    0    0    0    0    0    0    0    0   57   25   30    0    0    0    0    0    0    0    0    0    0    0    0    0    0    0    0    0   54  263 1069    0 1211   47   46   30    0    0    0    0    0    0    0    0 
   0    0    0    0    0    0    0    0    0    0    0    0    0    0    0    0    0    0    0    0    0    0    0    0    0   49   28   23    0    0    0    0    0    0    0    0    0    0    0    0    0    0    0    0    0    0  106  454 1211    0   49   29   13    0    0    0    0    0    0    0    0 
   0    0    0    0    0    0    0    0    0    0    0    0    0    0    0    0    0    0    0    0    0    0    0    0    0   16    0    0    0    0    0    0    0    0    0    0    0    0    0    0    0    0    0    0    0   21   28   42   47   49    0 1075  252  105   11    0    0    0    0    0    0 
   0    0    0    0    0    0    0    0    0    0    0    0    0    0    0    0    0    0    0    0    0    0    0    0    0    0    0    0    0    0    0    0    0    0    0    0    0    0    0    0    0    0    0    0   12   22   34   53   46   29 1075    0 1094  248   41    0    0    0    0    0    0 
   0    0    0    0    0    0    0    0    0    0    0    0    0    0    0    0    0    0    0    0    0    0    0    0    0    0    0    0    0    0    0    0    0    0    0    0    0    0    0    0    0    0    0   13   13   19   41   44   30   13  252 1094    0  706  109   30    0    0    0    0    0 
   0    0    0    0    0    0    0    0    0    0    0    0    0    0    0    0    0    0    0    0    0    0    0    0    0    0    0    0    0    0    0    0    0    0    0    0    0    0    0    0    0    0   17   24   33   22   26   18    0    0  105  248  706    0  654  114   82   19    0    0    0 
   0    0    0    0    0    0    0    0    0    0    0    0    0    0    0    0    0    0    0    0    0    0    0    0    0    0    0    0    0    0    0    0    0    0    0    0    0    0    0    0    0    0   10   27   29   25   12    0    0    0   11   41  109  654    0  659  266   91   14    0    0 
   0    0    0    0    0    0    0    0    0    0    0    0    0    0    0    0    0    0    0    0    0    0    0    0    0    0    0    0    0    0    0    0    0    0    0    0    0    0    0    0   14   15   13   25   15   11    0    0    0    0    0    0   30  114  659    0  934  271   71   12    0 
   0    0    0    0    0    0    0    0    0    0    0    0    0    0    0    0    0    0    0    0    0    0    0    0    0    0    0    0    0    0    0    0    0    0    0    0    0    0    0   17   26   34   31   13    0    0    0    0    0    0    0    0    0   82  266  934    0 1013  225   61   18 
   0    0    0    0    0    0    0    0    0    0    0    0    0    0    0    0    0    0    0    0    0    0    0    0    0    0    0    0    0    0    0    0    0    0    0    0    0    0   15   24   44   38   34    0    0    0    0    0    0    0    0    0    0   19   91  271 1013    0  866  232   54 
   0    0    0    0    0    0    0    0    0    0    0    0    0    0    0    0    0    0    0    0    0    0    0    0    0    0    0    0    0    0    0    0    0    0    0    0    0   21   27   32   38   32   28    0    0    0    0    0    0    0    0    0    0    0   14   71  225  866    0  699  234 
   0    0    0    0    0    0    0    0    0    0    0    0    0    0    0    0    0    0    0    0    0    0    0    0    0    0    0    0    0    0    0    0    0    0    0    0    0   24   39   38   41   30   18    0    0    0    0    0    0    0    0    0    0    0    0   12   61  232  699    0  978 
   0    0    0    0    0    0    0    0    0    0    0    0    0    0    0    0    0    0    0    0    0    0    0    0    0    0    0    0    0    0    0    0    0    0    0    0    0   31   40   33   16   12    0    0    0    0    0    0    0    0    0    0    0    0    0    0   18   54  234  978    0 
